27333.7342321401
26645.6404960538
26480.1651177233
26482.758542177
26489.0106083302
26492.7387356446
26479.0942103839
26481.4767679038
26487.1396765343
26479.6340156204
26482.2273880588
26488.4793288169
26492.2073813576
26478.5631297599
26480.9456394937
26486.6084345456
26479.1029241697
26481.6962445938
26487.9480599592
26491.6760377279
26478.0320597874
26480.4145217362
26486.0772032116
26478.5718433708
26481.1651117817
26487.416801757
26491.1447047551
26477.5010004665
26479.8834146311
26485.5459825324
26478.0407732235
26480.6339896223
26486.8855542099
26490.613382439
26476.9699517967
26479.3523181783
26485.0147725076
26477.5097137278
26480.1028781155
26486.354317318
26490.0820707796
26476.438913778
26478.8212323774
26484.4835731372
26476.9786648833
26479.571777261
26485.8230910809
26489.5507697764
